1
3
13
0.457347 0.066459 -0.275612 0.230941 -0.227543 0.050279 -0.000972 -0.140718 -0.093617 0.068044 -0.136321 0.008658 -0.064493 
-0.007358 0.144736 0.137706 -0.055397 -0.015251 0.032353 -0.008758 0.003979 -0.004529 -0.042940 -0.002469 -0.009898 0.087226 
-0.038136 0.006104 1.018435 -0.373203 0.227313 -0.110634 0.100598 0.155141 0.044490 -0.114740 0.113693 -0.065712 0.232549 
0.002412 -0.029103 -0.326443 0.569204 0.079552 -0.007105 0.096706 -0.089949 -0.044096 0.158249 -0.100706 0.071676 -0.129996 
-0.056833 -0.104471 0.275224 0.068666 0.460714 0.149812 0.076903 0.078156 0.118714 0.010474 0.058265 0.113227 -0.086224 
0.046193 0.032630 -0.070859 0.006536 0.128463 0.605227 0.035559 -0.015887 0.192217 -0.108580 0.039574 0.126055 -0.108290 
0.072322 -0.049899 -0.223697 0.130445 0.103912 -0.007087 0.466248 0.186348 -0.061775 0.036096 0.137682 -0.103758 0.008821 
-0.065678 -0.017095 0.237938 -0.151834 0.107950 -0.098911 0.253485 0.419735 0.073757 0.021865 0.052328 -0.138495 0.167309 
-0.092602 0.077127 -0.227184 0.187487 -0.149352 0.261447 -0.186678 0.012258 0.516154 0.182179 -0.182350 0.175537 -0.204104 
-0.247338 -0.107283 0.364437 -0.048720 0.242206 -0.084172 0.072300 0.222410 0.074917 0.544421 0.232089 0.050550 -0.025160 
0.052485 0.144507 -0.408484 0.142651 -0.285380 0.168931 -0.001353 -0.091394 -0.148954 0.287851 0.398380 0.174341 0.015245 
-0.130661 -0.130850 0.307491 -0.076018 0.372357 0.056394 -0.041619 0.112850 0.090105 0.015005 0.201586 0.776703 0.067543 
0.062163 0.164273 -0.249675 0.053845 -0.342215 0.015811 -0.020035 -0.059562 -0.139029 -0.036462 -0.068874 0.102449 0.621552 
3.275482 0.507067 1.394440 -0.359173 -0.769905 0.309202 0.418655 -0.676123 -2.168414 -2.923559 0.443460 -1.606886 0.962070 
1.0 1.0 1.0 1.0 1.0 1.0 1.0 1.0 1.0 1.0 1.0 1.0 1.0 
13
0.952604 0.045248 -0.050999 0.074625 -0.083141 0.062971 -0.028195 0.010739 0.002878 -0.026100 0.025104 -0.019331 0.010278 
-0.031660 0.408962 0.138365 0.033664 -0.033584 0.058958 -0.076650 0.052997 -0.061160 0.045139 -0.037499 0.010928 -0.000876 
-0.270137 0.309737 0.989004 -0.126251 0.133121 -0.046921 -0.071679 0.102980 -0.108976 0.137164 -0.139324 0.108275 -0.075325 
0.176925 -0.078665 -0.216398 0.803461 0.267367 -0.103984 0.087301 -0.010878 -0.090211 0.152117 -0.175045 0.166774 -0.127840 
-0.164326 -0.062248 0.189062 0.279103 0.590115 0.178960 0.074005 -0.097029 0.015346 0.119199 -0.196807 0.258489 -0.214010 
0.119587 0.007808 -0.113304 -0.120832 0.225209 0.888671 0.116382 -0.146084 0.161610 -0.145971 0.060506 0.015532 -0.039121 
0.161275 -0.088251 -0.132744 0.136389 0.031832 0.037834 0.710669 0.314031 -0.123342 -0.067942 0.193711 -0.153539 0.088257 
-0.088248 0.012203 0.256048 -0.086337 -0.036779 -0.127421 0.403468 0.577594 0.176528 -0.004097 0.028312 -0.092888 0.130061 
0.166028 0.009880 -0.192374 -0.060098 0.018995 0.151786 -0.162480 0.089171 0.921103 0.086821 -0.112181 0.101364 -0.014203 
-0.346134 -0.148621 0.318871 0.081301 0.203206 -0.291278 0.108811 0.032112 0.121711 0.742501 0.251796 0.038983 -0.207352 
0.315568 0.151844 -0.274635 -0.085958 -0.264771 0.140697 0.065700 -0.018045 -0.156469 0.250643 0.844046 -0.040620 0.105072 
-0.269000 -0.171485 0.195077 0.036457 0.370959 -0.047024 -0.047679 -0.058439 0.127029 0.013377 -0.028460 1.049212 0.099179 
0.222197 0.214202 -0.153235 -0.052481 -0.311121 -0.035618 0.023182 0.156395 -0.105245 -0.129831 0.123329 0.039876 0.877100 
0.209451 0.025988 -0.103649 0.047978 -0.068105 0.036888 -0.083286 -0.072837 0.116444 -0.198159 -0.025365 -0.065943 0.099102 
1.0 1.0 1.0 1.0 1.0 1.0 1.0 1.0 1.0 1.0 1.0 1.0 1.0 
13
0.959200 0.082786 -0.071028 0.084444 -0.073341 0.044878 -0.028342 0.017927 -0.015594 0.002144 0.004836 -0.003309 -0.002079 
0.024625 0.433870 0.180513 0.040725 -0.024909 0.044508 -0.062041 0.031232 -0.020053 -0.009229 0.025170 -0.031595 0.024034 
-0.310459 0.372886 1.003103 -0.115821 0.151553 -0.062034 -0.084297 0.132635 -0.118342 0.097947 -0.070645 0.043766 -0.015532 
0.203655 -0.018631 -0.232375 0.854106 0.339906 -0.213008 0.147190 -0.050665 -0.037254 0.094257 -0.108305 0.109133 -0.080096 
-0.158653 -0.056574 0.211940 0.260199 0.643390 0.144285 0.070168 -0.092589 0.032385 0.090529 -0.156452 0.215477 -0.167812 
0.127990 0.018343 -0.092644 -0.189099 0.212697 0.961326 0.043634 -0.113681 0.177128 -0.186777 0.111558 0.000271 -0.053544 
0.111369 -0.142867 -0.154297 0.171172 0.036029 -0.015269 0.766754 0.337176 -0.181369 0.000092 0.113285 -0.093682 0.045378 
-0.143089 0.006706 0.223918 -0.043954 -0.087841 -0.108427 0.366320 0.673478 0.095225 0.063289 -0.059917 -0.020079 0.073413 
0.222212 -0.016490 -0.243791 -0.089566 0.041459 0.167860 -0.213583 0.107023 0.965304 0.068261 -0.109232 0.119062 -0.057364 
-0.362254 -0.157305 0.303451 0.113625 0.215957 -0.298446 0.085207 0.065076 0.055067 0.826098 0.219670 0.012618 -0.155024 
0.342170 0.139877 -0.249735 -0.090874 -0.269802 0.156908 0.103025 -0.085247 -0.123197 0.226583 0.895975 -0.079423 0.132042 
-0.280761 -0.237704 0.212756 0.015274 0.418395 -0.078081 -0.052160 -0.056698 0.156738 -0.006279 -0.038633 1.108037 0.025811 
0.265725 0.235618 -0.138600 -0.037683 -0.321909 -0.028029 0.028986 0.157572 -0.090509 -0.162155 0.174355 -0.018672 0.924035 
-0.018643 -0.095909 -0.109403 -0.109128 -0.075991 -0.022025 0.091798 0.125434 0.046355 0.156551 0.075868 -0.061774 -0.147784 
1.0 1.0 1.0 1.0 1.0 1.0 1.0 1.0 1.0 1.0 1.0 1.0 1.0 
